idx	n   m	rmse_e	rmse_f
0	16	1767	0.01639814421037704	0.25834968067573755	
1	24	2022	0.012036301914671196	0.20294047054621298	
2	38	2532	0.010213822234832408	0.18245218800949695	
3	57	3417	0.009390479166182474	0.1750888896915761	
4	89	4776	0.009286769689605798	0.17835096404347855	
5	137	6735	0.00983345196462262	0.18591122654372594	
6	214	10347	0.008379830093353047	0.1745918301041279	
7	333	16188	0.007872765974461873	0.191567227256988	
8	515	25059	0.007106538186107447	0.18878584508543103	
9	796	38346	0.006840994016292784	0.18573916029362958	
10	1934	93765	0.006332969521432486	0.1777850682049314	
11	16	1767	0.01218764749496415	0.21478205064951353	
12	24	2022	0.010827457319618143	0.19737208753306404	
13	38	2532	0.009147180530496806	0.1741127139411138	
14	57	3417	0.009354571829335986	0.1614922639716392	
15	89	4776	0.009449692033468314	0.16430916039111368	
16	137	6735	0.009282109208045933	0.16849641519226016	
17	214	10347	0.008915199650211222	0.17227856572633674	
18	333	16188	0.007693270827403274	0.19616758177831803	
19	515	25059	0.007311787331969488	0.18991504541133752	
20	796	38346	0.00732103689418751	0.17131298256756083	
21	1934	93765	0.006444775177442199	0.1740505103791233	
22	16	1767	0.011986754518096136	0.20047530500226599	
23	24	2022	0.01109584100702978	0.2134562173995994	
24	38	2532	0.010260034808720694	0.18297578454978647	
25	57	3417	0.010624493536285433	0.1668448933658496	
26	89	4776	0.01008753744523197	0.17555190149570657	
27	137	6735	0.00916970410059938	0.18242558866593966	
28	214	10347	0.0088596478027641	0.16691489772254295	
29	333	16188	0.008055911364366024	0.18903500453714134	
30	515	25059	0.007394595037815159	0.17991593859657173	
31	796	38346	0.007165024114383869	0.18061687067063512	
32	1934	93765	0.006254736356134792	0.17148778889810481	
33	16	1767	0.011696656518803425	0.21820773199855367	
34	24	2022	0.010337973532966718	0.19183881560340066	
35	38	2532	0.010149956040273047	0.1807753947592793	
36	57	3417	0.010296164910280962	0.18933746580746452	
37	89	4776	0.008950984290383407	0.16686681146738672	
38	137	6735	0.009191748207067958	0.18324844242875254	
39	214	10347	0.008516130006246049	0.1759024905118968	
40	333	16188	0.008475098271738205	0.17135727997295241	
41	515	25059	0.007216024582866276	0.1823702975260444	
42	796	38346	0.006578993831606138	0.18286207663298568	
43	1934	93765	0.006357741252847457	0.16858982844083023	
44	16	1767	0.013286216563589567	0.21323181983446735	
45	24	2022	0.011097924803072489	0.20174547458649958	
46	38	2532	0.010399753038188056	0.18056827229363118	
47	57	3417	0.01043323185718819	0.17455882343150053	
48	89	4776	0.00944882920628409	0.17133828688071676	
49	137	6735	0.00888692389646062	0.16571453393015936	
50	214	10347	0.009053410233350103	0.18094534994245776	
51	333	16188	0.007629111588506717	0.19179379274939126	
52	515	25059	0.007184087731072298	0.19222623378385742	
53	796	38346	0.0069856492285888154	0.17655445858945482	
54	1934	93765	0.0063239404317810685	0.17547679750149617	
55	16	1767	0.010790515716210305	0.2113424052506376	
56	24	2022	0.01080716672356663	0.19301649439625548	
57	38	2532	0.009928796659906031	0.17498446053407254	
58	57	3417	0.00897666364299384	0.17434586995652204	
59	89	4776	0.009201363236878729	0.17033368069689186	
60	137	6735	0.009029701716328078	0.18209023124755563	
61	214	10347	0.009050570457169227	0.17314828376188254	
62	333	16188	0.007772667175745616	0.18930766878774552	
63	515	25059	0.007378972019323937	0.19878437352275818	
64	796	38346	0.00692029421559451	0.17639320917125575	
65	1934	93765	0.00642734256763854	0.17801725547737773	
66	16	1767	0.012809185790804976	0.19751510216493198	
67	24	2022	0.013757371666445053	0.21325244364658752	
68	38	2532	0.010070344825360823	0.17081201087279435	
69	57	3417	0.009657439299206011	0.18008234477831558	
70	89	4776	0.009550725933834464	0.17294918927484176	
71	137	6735	0.009086389413318824	0.1775173222080996	
72	214	10347	0.009029948827556578	0.17237347634584294	
73	333	16188	0.007434294840256678	0.1944719643810427	
74	515	25059	0.007248105677494724	0.1811656854834599	
75	796	38346	0.0068477055151499305	0.1847327759462965	
76	1934	93765	0.0062846324604021305	0.17156459566971777	
77	16	1767	0.015911411498468718	0.23683971280188598	
78	24	2022	0.012822835356547246	0.22415147526534143	
79	38	2532	0.011067186863744133	0.19480869241976495	
80	57	3417	0.012063100447757859	0.1931905651569215	
81	89	4776	0.00906329784071163	0.18286717702900498	
82	137	6735	0.008887883874151375	0.1626572321958691	
83	214	10347	0.00908907914207722	0.17333178828902976	
84	333	16188	0.009226479847595809	0.17480613133751888	
85	515	25059	0.007186876238034565	0.18397723250198075	
86	796	38346	0.007206144507060265	0.181152766630712	
87	1934	93765	0.006208535875541855	0.17590800692982614	
88	16	1767	0.012552149659689166	0.2089198585154869	
89	24	2022	0.010102849646619966	0.19180066527976788	
90	38	2532	0.010446529394851403	0.18964099329774792	
91	57	3417	0.009441779610020042	0.16460146795374203	
92	89	4776	0.009147046785572644	0.17124068165476666	
93	137	6735	0.008256874161248607	0.17047743767569026	
94	214	10347	0.008658874321340907	0.1684070188233465	
95	333	16188	0.007701213518495615	0.1892620558317752	
96	515	25059	0.007109027732143681	0.18589602384948786	
97	796	38346	0.006964874599467103	0.17530172732280389	
98	1934	93765	0.006279055121735826	0.17040670381776163	
99	16	1767	0.010823049440676831	0.2015753847989689	
100	24	2022	0.010435444508790699	0.1863516573970909	
101	38	2532	0.010008004185934458	0.19809196115882222	
102	57	3417	0.009160274923314312	0.16941826550580422	
103	89	4776	0.009177870027222115	0.17887354618719542	
104	137	6735	0.008326314535333786	0.171568709043908	
105	214	10347	0.00860749748551229	0.17499647691420483	
106	333	16188	0.007787366145869087	0.1875511074039588	
107	515	25059	0.007383101442009272	0.18645865928233518	
108	796	38346	0.006881565338274366	0.18453714283506037	
109	1934	93765	0.006350889327639122	0.1757153946681315	
