1174
1319
4558
2515
5058
3493
1389
6049
4246
5068
5364
6204
9635
715
4008
3857
4734
2281
8162
6030
1619
8134
4349
5584
6617
393
2117
1257
2899
6278
9059
3260
878
991
2158
6911
4817
5490
4482
1406
4332
2137
8794
928
98
2206
2490
1346
953
5684
9209
4845
2573
693
2197
994
987
4409
571
9620
4101
3626
897
590
9578
8004
6901
1729
3333
2185
5107
2152
8785
3494
7194
2728
6805
397
7075
5986
5393
5476
967
548
587
3460
2432
5780
7893
1188
6087
9542
6897
6515
2009
4663
2308
251
5579
4004
7073
4233
6374
6739
6889
9019
344
932
2575
6782
8926
8363
3250
2107
9355
7722
3954
5853
3114
2633
6132
1364
1465
4657
1329
7813
7407
27
5496
5774
1959
552
222
5251
376
116
2923
6461
1997
1337
7854
9214
8247
6119
1949
3555
4852
1231
1563
5904
3224
8518
8550
7107
3591
4123
677
9272
5094
161
1958
5688
4116
3700
3025
8806
2408
9341
2664
4613
4627
2541
859
173
8840
384
7948
6033
3215
4150
2218
5935
8731
1324
1967
5907
6010
8386
8157
1136
3987
6849
1266
6644
2646
9460
114
3946
7755
2340
8636
6388
1251
9394
9417
4869
5053
5497
7094
2679
1238
3302
1990
1345
4586
2160
8317
7761
5084
1159
3711
3300
5847
5212
5720
7689
7469
8761
5160
7725
2992
9419
8447
1879
6045
1733
6944
9007
5368
8714
2611
4787
8230
3491
2731
3588
1323
9250
9540
5195
1383
4692
2040
4910
2418
8474
6729
477
2883
9298
7736
3013
6105
9280
2442
374
4634
7971
1845
5000
9531
7604
7956
1855
6251
101
8721
5260
8422
6623
7984
9452
8643
6058
2196
4284
4144
1609
4200
4497
4375
3322
2274
8922
1715
6153
5324
341
4969
5451
1495
8545
523
8715
5565
4492
955
6464
4499
3472
6980
961
3663
20
9478
4225
2700
1411
2912
4454
9581
3175
3585
5955
9496
5412
6398
600
4730
5770
1875
2813
5373
8720
1797
2133
885
8270
7191
4176
9471
9518
4963
702
6092
989
7456
4434
1808
3668
5448
4696
3497
1901
7051
1668
7204
5089
6397
399
6013
3065
6978
7936
5319
1290
529
1542
5429
1947
3971
5771
1422
412
9361
5834
3490
3924
4594
4268
1025
3309
9668
6313
569
1431
3293
666
622
4175
8670
5711
2689
103
7143
6004
1864
1107
8296
1920
510
3012
4601
5247
3800
7170
6223
4056
398
4372
7798
5099
660
3994
6740
7804
5708
3667
41
7174
9431
2938
4984
9565
2950
156
2047
5125
7526
5871
2383
4979
2484
3559
7539
9629
9681
8735
8281
3182
7208
2073
8780
947
9382
8862
1118
8760
4049
9349
2174
6648
7045
2138
639
1067
4999
3174
6614
9491
4404
8795
2745
5740
5840
4576
2659
4328
533
7776
7279
5811
4074
9654
7825
449
4139
4465
3902
1536
2423
6804
8123
7558
8378
4986
4610
3839
2207
793
7128
4993
9386
3980
9041
2241
2951
4042
7441
3234
868
2842
6820
4322
2562
2332
5582
5345
8458
1970
4830
7384
4788
3743
8011
9633
3810
837
6178
6743
7976
5333
4676
2780
6081
7229
4733
8873
1083
1140
5984
7515
2000
1263
3948
1669
8739
4702
8077
5488
8477
9375
3965
8038
6702
7629
1165
4347
659
2070
5734
2773
4215
4342
5128
1423
3664
2088
6392
153
8919
9673
1511
9647
6339
5805
4486
299
2612
445
4784
6358
3036
8492
1793
9142
6788
752
2713
5766
1866
721
9094
2682
5479
6095
8489
3097
1898
2248
638
1388
6306
5220
895
9512
7738
828
7785
3
7549
339
3034
9016
2761
5443
6711
8693
8094
7520
8360
2706
3338
5658
7175
8989
2769
223
4765
5727
888
3019
8534
7524
7056
1285
2540
5827
890
2236
7435
9106
9064
211
7266
9414
1418
3092
4277
3187
9088
402
8049
9148
5339
6333
4518
4045
6675
2824
4425
1438
4401
9396
6037
5474
1821
7703
6309
3303
1771
2690
6597
5187
5848
5439
7521
4742
7920
1538
9586
1030
404
4871
7978
9009
1533
6036
1809
3895
4119
8644
175
2775
8329
3798
60
5118
6974
4679
283
3824
6881
7095
9136
3738
9223
655
9276
8579
6907
3021
6970
7351
3978
6545
1823
8654
2492
2680
5475
438
9189
4134
5401
814
5612
1706
1206
6424
2255
6082
6741
1825
8966
8323
6115
620
9664
1347
1358
4612
1436
2936
5387
5318
4780
9383
1134
3974
2617
6747
1298
7281
8816
4836
8340
7228
3244
347
7586
7493
2509
5436
1325
2264
5906
9439
1727
8446
2987
186
1924
7838
7231
3207
1493
5930
2779
1167
5680
139
6936
6070
1972
3846
5769
272
7324
2681
3904
7806
4729
3380
7116
5651
1311
1744
9080
4071
7347
4293
7267
673
7793
5468
9481
4483
1684
7980
9302
8285
6532
6925
3024
518
2049
9689
425
3833
1460
2463
2142
302
2896
1774
8908
8906
80
2734
7970
1210
7182
690
8604
5567
1902
817
2712
7052
4388
2525
8488
604
4545
3963
5670
3383
741
6494
4453
2565
6831
3524
8091
1917
5418
735
5289
3687
5444
7584
370
4278
6763
7719
7646
8864
616
7527
5056
3601
3891
6150
5376
4820
2199
1450
3869
6918
3415
7212
5004
2350
2422
2919
1236
3702
3318
2609
3578
1006
4120
3205
5223
6677
6839
3783
4631
8394
6147
6449
2636
6544
8451
7304
1397
2568
7688
1245
9488
2175
2491
2132
3506
1955
482
7115
8357
1303
852
1557
8045
6985
2434
6598
3360
6167
1553
1721
1795
6214
1939
4152
2859
1154
8526
424
8938
1421
7869
3153
5877
4797
8900
6536
6551
3446
555
4931
1648
4448
7486
676
5608
4850
4562
672
132
304
4415
6059
1691
507
2448
7627
1905
681
3342
3689
8585
624
3475
3881
4789
2172
2085
4939
4384
2304
8390
9576
990
4377
320
9612
7301
6771
8686
1699
2108
4442
7074
8113
7479
7763
9294
7018
4896
4611
5404
9639
7870
6222
2084
7181
7214
7781
8
5518
5138
3435
8012
5166
2692
5693
1870
6164
2318
2631
6826
6139
8512
2367
9051
2676
8748
750
1925
3159
724
1129
712
8203
8403
4805
9373
1638
8802
5870
2263
8844
7288
3082
2593
1230
2786
4429
7395
9508
4256
6862
3918
7671
4477
7001
7119
8736
8587
5945
5683
4570
1530
6342
3828
2109
3319
3658
5842
9122
1005
171
5993
3413
2505
2848
4
4022
2056
1525
6578
5744
2198
5383
5519
7570
7626
4012
3203
1585
126
2388
3037
6622
5273
2074
7125
1049
549
3914
3977
6695
5126
2379
8833
9244
3074
9692
6435
9441
5997
8267
4526
6641
3151
9292
8244
9120
3548
4463
6046
2732
8316
4840
7438
9137
8409
818
4178
1632
91
4468
4522
1276
9108
4075
1207
1253
7902
1193
3756
5718
6458
8253
201
2873
2126
5030
3099
3795
8117
6102
6429
6819
6455
7840
8948
6314
3829
1314
4423
4111
9263
5054
4050
2036
5343
8669
324
2094
4717
221
7321
564
1654
2267
7163
5477
9479
729
9328
5762
3064
7915
4888
8664
7121
1451
3105
3043
3677
9206
8223
2026
3577
8411
7110
753
6175
7451
2171
6454
3348
6610
4662
999
9367
767
654
7851
1811
9490
5539
9451
4065
6498
2767
3401
863
3267
7608
558
6290
3391
5637
3221
5863
4289
2624
2330
7892
1643
4168
2164
9580
8487
8196
1593
6792
6568
490
8376
5150
8286
3982
8397
7458
7176
7746
3225
358
2104
8771
9309
7238
4651
3625
1205
6571
7578
7361
1042
2079
8879
8901
5880
130
9083
33
4834
4260
8837
9226
5824
9169
9026
7949
1850
4569
8726
856
8568
7797
7013
5524
9646
1819
9239
5713
343
1219
4886
2561
2134
3886
1065
8374
9261
7975
5078
901
4660
6394
3317
4254
5977
1526
4104
6154
1044
2226
2723
5374
3116
1084
2103
4648
1580
4026
1984
2910
1217
7404
4907
5175
6965
4548
212
155
4393
4842
864
4998
4058
6404
2719
2361
599
7997
5899
2988
6920
1116
8949
1115
5385
9005
9335
6526
285
7611
4760
976
2754
5350
476
4597
9156
9360
2247
4112
7033
7768
3236
1921
9313
4269
3888
7510
4236
4449
235
8370
701
9178
6959
6569
4815
414
7122
1265
3995
1283
5991
3853
6446
2412
4495
453
1396
3264
7879
6066
6411
9544
1644
585
1650
734
2410
3538
7069
1440
6063
9204
8210
7696
6838
3011
5888
3518
2939
8144
6377
6107
3905
3414
1600
3811
5230
1124
4881
8020
5076
2384
352
761
5267
2906
6371
2576
9293
7420
4669
4837
484
1705
635
9521
6029
7350
4532
9199
9408
769
7969
6355
3862
6335
8605
9470
1158
9587
8424
429
7070
9306
2258
2794
6896
266
5640
2599
8341
534
6207
3492
1862
9135
3850
7791
5987
4584
3014
1592
4274
4909
7740
7239
8845
1137
2778
6886
9595
1628
3284
8131
8078
1717
8050
2789
8858
9395
699
5205
8181
7136
2934
4739
7678
3217
4297
349
5157
433
4525
9258
6051
4466
4862
9461
2942
8668
8528
3928
720
3344
3439
6929
9433
8186
4778
8786
840
6963
3154
4622
4549
8962
8506
4167
5354
4249
7891
3220
3106
31
3468
131
136
2795
4701
5153
4385
9254
835
8266
5650
2597
3563
8611
1704
8801
2976
4085
8578
4108
7240
8135
5594
3362
3131
7700
7269
882
3051
2002
5288
2380
1491
7173
7743
1015
9195
8425
4103
8651
9511
1106
3721
3985
7951
3298
8829
5459
1458
1789
7430
5613
4296
4219
1189
5322
268
7311
4609
9308
8104
3553
5052
7470
9031
6264
4550
4359
3754
8810
170
2708
1455
5082
671
3757
2876
5866
1916
2121
6872
437
3546
472
6587
1160
7540
6997
7367
2602
1180
3164
7985
7400
7332
2
5020
2542
3444
3762
3774
5117
2302
4367
5748
6590
4574
4099
7900
2796
4808
7419
9211
6192
3619
1078
8522
9660
1741
9152
763
6281
7782
618
4614
5236
5895
430
1583
5437
7389
1709
7132
7848
8381
7889
2231
6379
6979
4299
8263
2907
5808
7165
8061
5648
6269
4428
5934
7863
4996
7081
7463
8977
2805
3017
3119
3634
6000
4608
5233
7511
6399
7032
9402
1751
3352
5728
6084
8950
5462
5915
5469
5905
96
9220
3695
7381
7179
6012
973
1697
5164
9068
9535
6330
2065
8991
4128
3718
5342
5044
8201
7131
4949
3130
8740
6054
5745
678
2856
112
1439
2783
547
3779
8819
6987
4043
915
3597
12
2353
5438
1703
5855
5698
6041
5588
9033
8336
8768
9044
5679
6039
6459
8442
5413
8410
4587
6745
7977
5190
1710
1481
5120
5010
4427
3230
8601
6800
848
8179
7665
3386
3481
4419
4180
4032
8876
1910
1216
3660
165
8915
2457
4306
8847
2440
7739
6798
5513
5995
8884
2111
5325
7909
2995
5593
977
3042
6789
8998
181
1588
1772
4571
248
7412
3822
6858
3646
733
5013
7244
6994
2062
2437
7098
1566
851
4489
1359
1338
9555
4421
8290
3590
7630
2280
779
2194
6260
4796
8433
9126
957
4250
9523
3654
5560
4394
3623
4519
5695
5355
969
8338
2836
3188
3967
5155
7039
6009
5377
3211
3002
7105
6871
3148
8455
7929
894
9524
5498
1252
6802
3838
7907
7376
7965
5301
7474
4188
3498
4707
4656
2506
6517
8021
6982
5958
4761
3843
9253
651
3523
2315
9505
4174
3520
8903
6444
9459
541
8868
2272
6465
2435
6179
5217
6159
3061
1282
1330
5781
6939
7715
3341
5538
7371
7047
5235
5036
9177
933
286
6361
5282
4589
3168
8980
3147
3387
4544
4151
2580
7481
6246
8583
3201
3316
492
7352
4018
8175
5819
1476
5482
6028
2228
3633